000000478
050940030
600800901
305400000
000010062
126000040
003009125
269005704
000270000
.easy1
009010000
872906405
160074008
950000060
021050900
704369500
300005200
200001050
000603100
.easy2
759620004
016040000
000005900
601004000
000713046
080062090
000208009
300000650
198056070
.easy3
319425768
256837914
478619532
724986153
631752849
985143276
547268391
192374685
863591420
.test7
050901200
700000000
023700840
090250030
375080000
000004975
000890000
549100000
138546020
.easy4
057006023
010300000
000102078
002000840
030400500
605901030
001600350
003010090
064230080
.easy5
802107453
001040906
004308070
600800300
100429000
500000000
210006507
075080030
000000002
.really easy
208750900
506900810
000640072
904830627
700400150
000010009
003176000
000000706
050000000
.easy7
001050200
006700904
894026000
000240007
900610043
003090620
060070080
179080450
300009000
.easy8
000870000
047006281
000200390
080020710
950003862
100008030
090060000
005100000
416000020
.easy9
