.hard1
070003000
000007060
603000082
200400306
000816504
000200000
004058070
086700000
005060100
.hard2
008000709
000006208
470200000
035700010
000000060
000040002
900000000
500430800
604000020
.hard3
500000000
009000004
010300070
000000800
200057060
670400000
038000005
000004010
007508200
.hard4
000050209
900000000
040003000
000670010
080000020
050800697
470001000
600780001
501000408
.hard5
401006000
000050000
080000500
000067100
000320040
073001080
107900000
040000008
600000420
.hard6
000004800
003500001
000000750
100000000
006300045
000002006
090060000
030090072
470010003
.hard7
050000049
041600000
030007500
000060200
800001000
100200006
000740650
400000000
000030002
.hard8
200000400
003900010
008000750
030160000
050080097
100004000
012007003
000000000
000300600
.hard9
000200000
000070300
000089001
800020050
000107004
106000000
080000510
230004900
000790020
.hard10
094000000
000000465
300072000
172040090
008000000
009000300
060100050
200300006
000080007
.kimurantti
900800200
001050007
000070030
005000000
020300400
300200000
008000650
490000000
000064001
