100020058
960100007
028640000
000000000
005002013
007390006
032800000
700400862
800000405
.medium1
190000004
002100000
074398000
009000258
040000000
001005079
200703000
400800600
008062703
.medium2
000706000
400000702
057090106
040010080
000300005
000007200
006030009
030040010
010975600
.medium3
000090000
070000082
080000406
800000600
167000000
940106820
026001000
503008004
008600135
.medium4
080506200
000090340
309200001
000010060
603020090
120709004
004070018
210600000
000000407
.medium5
309108000
000795300
000600790
057210000
000000000
436509007
000001400
600057930
900020006
.medium6
071040000
090100500
030090618
040200080
200009000
009000020
008430000
503600900
760000003
.medium7
